8 1320 2 6 12500 1000 40 80
4543.58 1962.2
1683.89 2729.59
1684.16 1270.67
1198.05 1019.81
1760.92 1351.16
2188.93 2162.63
2060.77 2561.03
2093.14 2495.03
1593.68 957.15
1517.69 2000.0 10
1461.36 2001.97 24
1493.28 2009.08 3
1512.1 2018.35 24
1453.36 2005.5 8
1502.1 2027.49 0
1509.43 2037.63 21
1452.29 2009.73 19
1488.69 2038.44 10
1482.86 2040.19 11
1511.04 2075.88 9
1494.12 2068.79 10
1462.13 2035.95 21
1475.17 2064.71 23
1456.47 2040.27 6
1445.76 2022.93 0
1444.25 2024.72 20
1441.33 2021.05 12
1443.72 2050.42 7
1439.97 2055.5 14
1436.58 2003.88 24
1436.45 2002.03 17
1430.28 2035.25 22
1424.98 2044.14 2
1424.49 2034.61 2
1434.52 2004.8 1
1435.71 2001.74 19
1412.11 2037.74 5
1420.47 2021.01 8
1410.98 2028.37 14
1371.1 2061.75 1
1435.99 2000.53 10
1372.98 2043.23 24
1365.62 2040.39 7
1429.09 2003.54 24
1380.55 2020.98 11
1420.5 2004.62 1
1416.2 2004.12 15
1409.96 2003.2 16
1375.78 2002.42 5
1436.55 2000.0 20
1390.05 1994.41 17
1402.69 1993.16 21
1360.47 1978.23 14
1365.92 1973.55 20
1358.54 1963.47 23
1347.85 1949.51 22
1391.73 1969.5 0
1435.2 1998.84 0
1362.98 1930.59 9
1430.91 1993.66 18
1375.07 1920.01 20
1389.25 1927.11 5
1426.53 1981.34 24
1420.14 1962.78 24
1415.85 1940.81 7
1424.87 1955.42 5
1421.49 1916.17 14
1436.23 1995.77 1
1435.45 1939.53 17
1437.49 1986.05 1
1443.07 1954.18 21
1454.86 1918.08 21
1463.43 1912.9 23
1442.27 1985.84 10
1470.87 1930.48 11
1440.69 1993.22 4
1489.96 1924.76 3
1463.39 1968.0 16
1451.46 1984.9 16
1487.39 1955.88 0
1439.61 1997.82 16
1515.28 1951.06 18
1527.49 1953.03 18
1535.83 1958.34 11
1475.94 1987.06 23
1463.39 1993.5 0
1538.07 1983.73 13
1537.37 1991.97 5
1537.99 2000.0 16
1579.95 2220.84 1
1490.5 2222.87 20
1564.64 2234.38 17
1488.29 2226.57 18
1581.5 2252.73 2
1574.46 2258.9 4
1506.99 2240.22 8
1515.01 2247.7 12
1483.26 2234.57 16
1552.6 2281.27 10
1492.71 2245.97 22
1536.32 2286.07 16
1506.47 2266.5 4
1540.32 2309.33 17
1472.1 2237.48 21
1489.59 2264.39 17
1496.55 2282.03 24
1472.53 2246.88 8
1510.17 2333.81 7
1503.04 2337.2 0
1480.98 2292.88 16
1478.92 2304.67 9
1473.92 2307.83 1
1461.01 2242.61 15
1459.03 2230.15 23
1458.21 2244.01 24
1456.47 2247.37 23
1455.17 2244.61 11
1452.95 2247.75 20
1436.12 2302.1 10
1421.97 2326.63 16
1416.19 2322.05 16
1438.93 2260.5 12
1402.35 2318.25 4
1425.46 2270.63 12
1449.35 2232.98 12
1431.95 2251.58 19
1389.4 2291.13 16
1453.95 2224.99 24
1366.02 2293.63 2
1363.06 2286.61 7
1394.82 2259.02 18
1387.21 2257.63 1
1394.87 2248.73 3
1421.45 2234.36 13
1333.95 2257.44 18
1355.58 2244.11 20
1385.83 2232.48 1
1336.77 2232.47 18
1404.47 2222.56 2
1402.13 2219.05 23
1449.57 2219.98 3
1339.07 2201.72 20
1436.59 2215.87 17
1417.64 2208.82 22
1412.36 2204.02 11
1357.92 2176.79 7
1403.87 2192.63 1
1413.05 2193.58 11
1441.49 2209.08 0
1421.08 2191.35 16
1393.72 2162.81 21
1437.74 2199.66 11
1423.7 2180.58 8
1428.11 2180.8 20
1418.45 2160.52 8
1428.94 2169.5 24
1435.27 2173.81 14
1455.09 2212.51 12
1442.21 2173.54 19
1456.29 2212.56 4
1450.01 2179.89 9
1451.55 2171.91 18
1450.29 2116.51 5
1457.06 2125.1 20
1464.19 2103.16 23
1460.54 2203.33 9
1473.33 2137.18 10
1461.31 2209.58 17
1460.16 2215.77 9
1481.3 2161.38 0
1483.15 2167.04 13
1499.41 2144.65 12
1485.0 2178.26 7
1468.86 2206.41 4
1496.21 2174.53 10
1462.02 2217.12 8
1501.74 2179.69 24
1498.55 2187.3 20
1510.56 2182.57 12
1509.17 2188.33 17
1467.93 2215.64 20
1545.63 2179.41 0
1549.26 2184.54 21
1577.15 2181.9 22
1510.98 2207.25 7
1533.86 2206.33 0
1539.4 2210.53 23
1548.2 2215.15 24
1489.59 2220.84 1
1493.21 2611.32 21
1510.92 2613.19 19
1565.64 2623.85 15
1572.58 2632.01 11
1504.37 2616.87 22
1534.52 2631.07 9
1519.92 2628.08 17
1569.64 2662.44 19
1524.93 2638.96 7
1547.53 2663.51 13
1539.24 2664.09 4
1509.72 2637.91 9
1550.56 2700.32 13
1534.13 2689.65 13
1501.09 2638.91 0
1503.33 2651.17 24
1492.91 2628.88 15
1509.64 2710.87 4
1490.34 2631.49 23
1493.95 2719.16 10
1486.77 2648.41 24
1480.63 2680.28 21
1480.73 2648.81 6
1467.6 2686.64 23
1461.11 2686.44 12
1446.5 2703.76 15
1461.45 2659.35 14
1470.56 2637.39 10
1441.45 2671.15 11
1485.6 2613.43 3
1437.8 2658.15 21
1484.08 2614.07 17
1407.9 2665.38 8
1404.39 2658.58 2
1413.72 2645.83 11
1427.78 2633.66 24
1486.15 2611.71 4
1468.29 2615.19 21
1389.7 2623.04 0
1484.88 2611.42 24
1454.69 2610.01 13
1481.77 2610.63 7
1428.82 2599.49 1
1420.55 2592.18 2
1477.59 2607.61 21
1479.73 2607.68 2
1460.33 2595.87 14
1432.49 2573.96 10
1453.58 2584.11 7
1468.33 2593.25 12
1483.2 2606.55 11
1434.54 2542.52 22
1431.7 2525.5 7
1470.86 2580.62 17
1445.28 2516.12 21
1480.96 2592.69 7
1474.08 2560.51 12
1476.79 2552.04 12
1476.81 2504.04 21
1486.94 2582.59 9
1493.14 2517.14 7
1491.36 2583.82 2
1492.67 2588.13 15
1489.8 2603.87 22
1497.19 2586.93 13
1490.39 2605.46 4
1537.62 2527.13 8
1487.54 2611.27 20
1547.66 2539.32 9
1532.3 2565.63 19
1497.77 2602.4 8
1520.67 2586.82 5
1537.26 2580.36 22
1551.99 2577.98 12
1528.48 2594.11 3
1506.24 2605.15 24
1510.87 2605.64 20
1540.18 2602.87 2
1550.23 2606.32 11
1589.42 2611.32 23
1114.98 2212.55 23
1083.47 2215.33 18
1134.68 2226.37 18
1107.44 2226.88 0
1071.48 2220.11 7
1071.88 2222.36 21
1092.94 2235.52 0
1137.27 2267.79 14
1107.52 2256.14 19
1072.51 2233.41 3
1101.71 2266.81 5
1107.04 2282.61 21
1064.73 2235.44 14
1077.78 2261.73 20
1054.77 2225.27 23
1083.18 2299.89 13
1062.17 2256.97 12
1060.87 2268.16 18
1048.76 2214.35 2
1051.74 2266.66 6
1046.78 2299.44 6
1042.47 2273.16 19
1041.4 2251.85 13
1027.58 2291.7 22
1027.99 2270.94 7
1044.22 2222.23 13
998.44 2304.84 7
1018.41 2258.84 0
1003.55 2270.94 12
1004.54 2261.12 8
1037.56 2222.87 4
992.34 2257.6 10
1020.02 2231.89 21
1033.25 2221.23 4
992.92 2238.54 21
982.77 2237.13 12
982.89 2231.3 0
971.82 2228.0 3
988.83 2219.7 13
1006.34 2214.22 21
961.87 2209.1 4
1036.92 2211.16 2
1028.39 2208.49 5
1023.83 2205.49 17
974.66 2184.92 7
1021.26 2199.8 9
954.29 2158.97 6
977.47 2164.31 13
1024.53 2193.31 0
1020.99 2186.62 1
988.23 2145.96 7
1026.5 2183.96 0
1032.81 2188.4 3
1019.46 2159.0 23
1022.98 2155.0 19
1036.61 2178.69 14
1032.42 2151.68 5
1041.22 2172.22 22
1046.5 2192.41 12
1046.75 2124.07 11
1051.06 2169.89 1
1052.58 2183.48 15
1064.61 2140.12 21
1067.56 2150.59 3
1057.92 2188.84 6
1058.65 2191.95 14
1066.7 2181.99 15
1070.45 2181.58 24
1100.18 2150.69 14
1086.22 2174.08 11
1077.79 2187.09 5
1114.49 2163.81 22
1107.41 2175.89 15
1094.53 2188.75 23
1100.1 2190.88 16
1074.37 2204.03 2
1117.77 2195.7 1
1149.08 2196.41 6
1098.2 2208.59 18
1074.68 2212.55 18
887.75 2557.08 21
938.93 2561.76 12
983.14 2572.76 23
978.54 2579.81 17
949.38 2579.29 4
948.75 2585.05 7
950.39 2592.04 10
874.33 2557.88 3
877.71 2560.16 17
938.29 2605.34 10
921.66 2598.7 2
944.06 2627.05 19
894.8 2581.92 1
915.01 2612.19 21
903.32 2603.35 20
915.45 2632.91 14
876.23 2564.24 21
892.51 2607.67 14
901.48 2649.61 18
872.87 2557.17 12
879.27 2597.15 4
876.48 2598.16 17
873.76 2608.43 3
868.57 2637.85 2
865.83 2613.61 12
855.75 2644.06 17
856.52 2617.33 10
861.18 2590.56 4
832.76 2650.37 21
847.78 2605.65 8
859.75 2578.59 19
850.32 2588.8 1
803.06 2641.93 18
794.64 2639.55 6
818.39 2606.94 5
850.89 2574.5 23
830.39 2586.14 17
782.79 2609.79 11
846.79 2569.96 3
843.93 2568.91 10
837.34 2568.76 19
826.01 2568.9 21
856.1 2560.07 16
844.55 2560.09 7
863.12 2557.43 2
813.73 2555.0 12
851.55 2554.82 6
847.34 2552.53 16
837.31 2548.12 1
824.28 2541.11 0
830.66 2539.83 4
813.86 2527.94 22
866.83 2553.56 14
870.9 2555.75 5
842.38 2532.91 6
833.38 2520.95 10
791.71 2471.53 4
871.04 2554.89 23
814.19 2474.52 13
863.06 2541.01 0
842.8 2498.87 20
836.25 2471.93 18
842.6 2470.3 10
866.06 2532.04 24
854.1 2461.75 12
872.04 2550.58 12
870.48 2512.3 8
874.89 2441.58 11
880.88 2466.32 18
880.76 2507.72 15
878.71 2531.97 24
887.59 2509.45 24
891.35 2509.47 4
922.22 2452.55 24
884.9 2535.63 0
926.37 2475.83 20
932.31 2479.35 23
895.22 2531.77 10
944.75 2486.44 9
961.55 2481.46 5
918.12 2523.7 14
907.67 2535.02 9
922.28 2530.45 22
933.08 2529.93 20
939.63 2532.48 6
931.96 2539.93 12
972.22 2535.72 19
912.07 2551.51 0
991.73 2548.68 22
935.43 2557.08 19
693.36 2411.84 1
711.83 2414.39 4
741.56 2420.77 11
758.46 2428.58 14
723.32 2425.26 14
777.79 2446.72 17
744.0 2440.83 21
737.66 2443.3 17
756.41 2459.04 8
678.56 2416.33 3
708.14 2438.76 0
680.93 2419.69 12
747.8 2484.52 1
740.44 2486.4 20
735.91 2491.04 8
742.28 2511.14 11
725.77 2499.19 21
671.79 2412.25 12
706.24 2487.75 20
716.77 2530.14 3
705.85 2522.09 21
682.32 2456.13 0
673.82 2424.56 24
677.65 2466.37 10
673.61 2454.61 7
669.84 2521.24 20
666.54 2475.12 3
668.56 2432.81 3
663.45 2450.66 22
666.25 2431.09 17
635.11 2517.18 23
666.71 2423.45 9
652.71 2449.9 1
657.09 2436.91 15
660.68 2428.21 13
620.22 2479.31 14
627.94 2462.19 18
624.82 2459.34 13
594.91 2480.42 12
590.92 2475.26 16
614.11 2451.39 7
645.02 2427.74 17
565.55 2466.49 5
650.97 2420.85 2
632.62 2426.01 2
651.13 2417.84 1
576.58 2433.29 19
545.43 2432.02 11
618.7 2416.88 20
664.39 2412.06 19
666.82 2411.69 8
571.29 2402.26 14
600.84 2400.52 16
571.42 2389.21 22
588.86 2387.55 24
587.62 2381.28 3
620.76 2389.6 23
602.83 2376.4 1
568.86 2350.34 24
566.56 2339.54 18
579.77 2339.64 12
589.01 2337.97 10
590.95 2329.92 24
661.91 2400.69 12
615.07 2337.6 0
601.93 2307.16 4
647.26 2369.73 8
634.92 2337.88 8
658.02 2379.48 22
671.32 2411.11 20
649.6 2332.38 14
665.01 2380.48 11
665.98 2372.97 19
668.61 2374.62 0
669.74 2296.42 12
675.52 2329.01 12
673.44 2395.11 4
687.56 2321.18 16
699.23 2297.83 21
705.23 2303.59 18
711.77 2306.61 2
696.48 2357.3 6
700.78 2357.32 18
716.69 2339.12 0
733.85 2324.39 20
730.51 2339.29 1
712.17 2367.88 21
754.96 2332.32 5
714.41 2375.89 22
731.9 2367.41 21
759.72 2355.18 5
753.04 2366.51 13
785.75 2357.49 14
754.47 2378.65 20
709.8 2399.28 15
782.67 2383.01 14
774.64 2391.97 22
770.77 2399.18 18
728.89 2408.19 1
706.68 2411.84 1
666.61 2192.49 20
632.4 2194.76 24
657.55 2200.63 24
703.92 2214.77 13
612.45 2196.02 23
610.6 2196.29 21
617.35 2200.18 24
615.68 2200.78 7
690.84 2249.86 14
621.17 2207.89 1
665.16 2247.8 20
667.96 2258.98 6
641.89 2239.57 19
656.8 2266.36 22
613.34 2212.31 17
609.86 2209.52 13
621.19 2236.75 22
607.71 2211.57 15
624.78 2271.65 8
612.44 2244.52 15
613.25 2273.39 11
606.19 2259.17 0
601.44 2257.49 22
598.41 2227.99 1
586.53 2303.3 20
599.61 2195.95 20
580.78 2264.44 24
567.42 2286.8 7
564.11 2276.66 8
594.5 2203.71 11
545.82 2281.91 0
543.44 2272.51 18
535.43 2271.35 13
549.13 2246.44 6
524.02 2262.31 12
525.05 2252.18 0
506.02 2256.99 3
538.86 2228.44 8
513.82 2235.21 16
574.69 2202.96 15
499.64 2225.59 19
551.9 2204.7 24
533.98 2204.32 12
596.53 2192.89 1
589.33 2192.88 21
543.44 2190.48 18
525.03 2184.49 8
504.74 2175.45 19
505.66 2168.62 19
539.09 2172.36 21
520.31 2159.77 18
594.02 2189.39 6
542.23 2158.51 9
547.9 2156.64 18
531.57 2137.97 11
553.58 2149.73 1
591.96 2183.71 12
548.6 2129.64 20
547.5 2118.19 18
561.58 2128.94 0
551.17 2097.33 15
566.48 2113.82 11
585.11 2148.94 8
586.21 2140.55 19
595.7 2169.14 1
591.72 2123.44 18
600.03 2187.57 2
601.37 2131.5 11
609.75 2085.57 1
611.47 2122.72 5
613.37 2136.48 8
609.07 2164.12 10
603.42 2184.44 3
612.16 2167.37 20
648.23 2107.14 19
631.11 2145.69 4
606.04 2184.98 6
642.63 2144.56 2
659.94 2133.89 6
640.08 2158.57 4
650.42 2155.52 20
609.43 2186.7 1
616.66 2183.67 10
663.46 2164.01 7
639.99 2177.86 12
650.84 2177.82 1
714.33 2167.97 11
613.92 2190.55 0
602.31 2192.35 3
629.68 2192.49 22
300.97 2000.0 0
363.71 2008.69 9
309.04 2008.72 6
336.4 2019.87 17
347.39 2030.52 0
306.46 2021.74 2
318.66 2033.07 0
301.99 2029.43 17
275.69 2015.5 12
337.25 2071.79 24
297.02 2043.17 14
288.93 2040.98 20
293.46 2054.7 12
271.33 2027.94 20
268.8 2028.64 11
291.33 2092.31 14
278.75 2078.22 13
267.4 2057.13 22
266.96 2087.5 4
260.6 2098.79 1
253.47 2061.7 1
245.64 2090.8 21
252.49 2012.21 21
250.36 2016.43 17
228.75 2073.82 12
252.94 2003.98 6
203.19 2094.95 22
205.66 2075.41 20
188.49 2085.99 23
217.05 2041.59 7
242.58 2011.42 24
243.65 2008.87 2
234.96 2013.41 21
164.23 2051.44 21
197.28 2026.85 3
229.62 2009.38 9
230.83 2006.82 24
164.69 2018.14 24
160.09 2011.34 13
214.71 2001.59 0
166.65 1996.5 18
243.35 1998.64 23
212.82 1991.56 23
161.46 1973.35 6
180.66 1972.31 15
222.89 1985.12 1
186.57 1961.26 11
236.91 1987.92 3
251.84 1997.7 4
177.7 1927.46 2
229.44 1972.1 10
225.51 1962.09 0
213.5 1936.65 1
216.59 1929.75 13
246.7 1981.96 5
220.57 1902.89 14
253.58 1995.74 17
251.82 1984.05 1
246.82 1921.03 15
253.67 1947.95 19
255.92 1979.58 24
261.03 1954.83 17
277.3 1898.32 15
261.66 1977.36 13
259.99 1986.67 22
263.82 1981.47 4
301.94 1920.62 0
274.48 1972.09 20
269.09 1982.77 22
321.79 1931.57 13
328.09 1936.18 2
259.83 1996.21 9
328.22 1954.24 17
284.3 1984.69 17
330.15 1968.31 17
309.14 1982.07 14
350.51 1976.7 6
343.65 1985.73 24
301.36 1996.28 3
331.57 2000.0 18
287.45 1648.59 10
340.5 1653.56 13
300.06 1652.82 5
316.12 1658.44 9
357.46 1673.88 3
361.23 1682.09 18
273.82 1650.18 13
347.53 1690.2 22
368.27 1710.67 17
282.75 1657.78 3
279.57 1656.5 18
342.04 1719.08 9
321.9 1707.01 12
276.75 1657.04 11
328.54 1737.03 11
287.31 1678.88 12
311.22 1735.24 19
312.81 1758.01 3
271.59 1652.79 23
293.38 1747.45 1
284.69 1738.47 19
275.66 1709.23 23
271.59 1721.89 14
265.8 1733.39 19
258.96 1739.87 6
265.74 1671.75 8
248.77 1728.0 21
270.22 1648.8 10
235.49 1729.57 15
227.16 1732.14 14
235.84 1705.15 0
218.07 1722.1 0
263.06 1657.39 21
217.41 1704.36 21
261.46 1656.68 4
200.71 1703.79 24
172.53 1715.48 23
199.13 1690.24 13
267.41 1650.02 22
172.02 1688.79 13
191.17 1674.61 1
251.65 1653.29 10
248.42 1652.49 20
262.0 1649.47 21
178.69 1651.83 17
185.47 1645.6 22
259.11 1647.4 11
193.88 1634.96 6
210.68 1633.56 17
178.54 1618.42 6
244.63 1638.1 5
247.67 1637.41 12
253.49 1638.76 3
207.55 1605.66 18
191.76 1586.29 3
251.25 1631.16 20
219.35 1594.87 24
230.46 1600.17 12
233.6 1596.94 13
255.38 1624.1 11
250.35 1609.95 4
239.55 1577.07 2
266.83 1638.65 22
250.76 1576.53 16
267.59 1634.85 2
269.61 1643.12 14
269.17 1627.41 0
271.51 1579.89 24
275.4 1590.83 17
271.09 1643.62 11
295.32 1541.43 7
272.98 1639.9 2
282.99 1615.91 6
297.52 1590.93 1
310.47 1577.07 14
329.62 1558.51 15
341.58 1555.4 21
279.99 1637.61 16
341.1 1579.03 6
292.27 1629.86 22
353.36 1587.34 21
275.05 1645.58 7
334.55 1613.97 0
371.08 1603.15 13
294.6 1639.64 22
384.38 1615.49 12
385.79 1623.76 3
321.05 1641.38 9
292.61 1647.01 10
362.61 1648.59 1
871.62 1755.73 23
874.04 1761.22 22
876.86 1767.23 18
860.14 1769.1 11
836.44 1766.02 21
863.56 1780.24 13
812.87 1759.7 3
824.57 1767.79 9
866.93 1801.34 22
884.02 1824.28 15
822.51 1773.39 18
872.62 1836.44 1
809.85 1762.29 17
838.78 1812.14 3
851.09 1848.98 6
828.52 1814.49 21
823.54 1815.37 16
827.21 1854.76 23
817.05 1840.32 18
810.9 1851.04 15
804.56 1788.03 18
798.9 1818.93 15
794.45 1815.16 9
793.92 1798.43 13
793.92 1787.83 22
780.85 1810.62 12
763.68 1832.28 13
760.8 1824.02 2
787.03 1779.34 4
746.38 1820.71 19
775.5 1783.72 4
799.42 1760.37 18
793.43 1763.73 18
727.34 1800.0 12
801.62 1757.41 21
763.52 1771.32 19
772.28 1765.14 20
728.46 1771.2 3
716.82 1766.33 6
800.21 1755.93 17
731.46 1752.8 10
706.74 1743.93 23
729.33 1740.44 1
767.74 1745.03 4
747.41 1734.12 14
759.59 1734.4 6
783.89 1743.62 6
748.98 1717.56 13
743.97 1706.61 12
769.43 1722.03 14
745.85 1690.16 22
755.97 1691.79 15
803.08 1752.47 15
760.42 1673.19 10
769.04 1674.21 9
798.26 1735.97 13
777.46 1650.81 14
802.96 1743.35 18
800.26 1706.14 13
804.39 1715.03 14
807.25 1721.51 4
810.73 1716.3 24
808.71 1739.94 21
836.31 1654.55 20
836.57 1676.69 5
839.38 1686.28 23
818.88 1732.75 10
814.81 1742.18 15
858.79 1691.58 3
853.52 1706.45 8
833.66 1730.99 24
875.06 1704.12 11
820.71 1746.08 14
872.18 1721.1 3
894.04 1718.42 15
909.11 1721.51 6
874.31 1738.92 6
840.57 1750.06 11
825.49 1754.12 13
830.51 1755.73 23
893.38 1285.15 3
915.04 1290.68 17
926.52 1297.9 10
849.59 1287.89 13
848.62 1288.57 21
926.46 1318.17 14
902.19 1314.62 0
869.46 1302.72 5
866.53 1303.97 22
921.13 1347.31 13
889.41 1329.97 9
849.95 1298.03 24
864.49 1316.45 6
880.3 1341.97 19
871.43 1337.66 9
844.66 1299.06 12
854.0 1321.48 20
842.2 1298.95 7
869.79 1391.64 15
848.61 1335.56 2
851.53 1376.86 12
844.41 1370.73 9
837.43 1318.61 20
831.74 1381.38 0
829.23 1346.44 16
828.05 1329.84 9
811.0 1380.47 0
804.27 1378.62 1
804.74 1359.85 18
812.88 1331.56 20
799.88 1345.83 2
815.79 1314.79 22
774.9 1360.46 16
778.21 1346.98 8
815.1 1305.05 17
836.06 1285.77 20
777.58 1325.7 12
755.65 1332.66 4
818.29 1294.32 10
742.74 1323.65 11
758.38 1310.95 16
734.69 1310.92 15
814.6 1289.12 20
729.14 1296.6 22
828.75 1285.44 7
824.53 1284.72 20
808.12 1282.1 5
756.91 1270.9 17
777.65 1270.22 17
812.19 1277.05 22
809.31 1273.89 5
774.04 1254.13 5
797.97 1262.4 22
822.53 1275.36 1
756.39 1221.32 0
764.12 1218.58 20
801.19 1247.56 20
769.11 1202.8 9
789.16 1218.05 13
834.65 1281.56 16
792.29 1198.85 9
808.35 1218.87 12
811.41 1212.18 5
821.69 1229.28 3
822.7 1213.23 7
822.08 1166.3 2
835.52 1260.22 22
836.88 1282.76 13
843.79 1206.62 12
837.67 1279.95 1
850.23 1227.82 13
846.99 1252.36 5
844.38 1265.74 14
848.54 1260.39 8
845.34 1270.03 22
876.18 1225.42 8
859.33 1255.76 9
878.32 1238.21 5
904.11 1219.06 2
873.06 1254.27 13
930.36 1216.19 1
907.4 1240.44 3
936.68 1231.36 8
902.3 1255.64 3
867.68 1273.79 15
876.41 1273.67 10
912.64 1268.85 23
919.86 1273.35 7
896.69 1280.92 22
947.12 1285.15 18
1210.2 1547.94 21
1187.92 1553.32 11
1185.79 1558.48 5
1193.58 1565.36 11
1195.71 1571.94 12
1109.2 1549.91 8
1196.03 1585.11 20
1116.75 1554.39 17
1133.04 1564.55 17
1119.7 1558.55 1
1185.26 1608.37 3
1196.3 1626.07 2
1110.58 1554.99 10
1188.93 1640.77 20
1109.67 1555.93 7
1156.14 1622.3 21
1109.74 1558.51 22
1120.35 1579.98 19
1112.31 1567.92 19
1103.74 1549.4 13
1139.69 1665.33 8
1122.98 1629.56 16
1123.61 1663.79 0
1116.44 1666.86 21
1108.51 1659.72 6
1102.77 1573.59 20
1101.06 1574.63 2
1087.47 1657.19 1
1084.17 1638.78 7
1102.11 1551.82 21
1083.08 1606.01 12
1053.69 1666.09 22
1082.64 1589.37 8
1085.67 1578.27 6
1039.18 1644.13 16
1025.88 1649.51 22
1080.81 1573.76 23
1019.84 1632.61 1
1084.77 1564.41 12
1025.54 1608.99 11
1093.61 1554.52 22
1085.08 1558.77 7
1013.57 1594.13 7
1048.28 1571.96 24
1069.09 1560.35 16
1000.49 1578.09 7
1022.75 1566.1 14
1079.79 1551.68 15
991.67 1558.58 21
1057.82 1549.38 2
1016.99 1545.2 15
1074.67 1545.21 9
1085.13 1545.05 4
1101.55 1547.57 17
1079.52 1540.99 22
1067.83 1535.07 21
1022.1 1512.45 1
1025.22 1507.75 22
1101.18 1546.74 2
997.91 1475.46 23
1002.13 1468.47 13
1013.42 1467.63 9
1101.79 1546.52 19
1054.5 1491.76 14
1083.36 1521.89 16
1034.55 1444.78 10
1051.7 1458.76 3
1069.68 1480.35 0
1098.27 1536.2 14
1068.42 1447.5 24
1071.42 1433.06 14
1089.85 1484.23 12
1099.79 1524.33 14
1098.22 1485.5 9
1102.41 1499.05 13
1104.95 1510.77 11
1113.69 1453.7 6
1118.43 1461.45 0
1106.06 1536.08 18
1118.71 1498.0 14
1143.73 1441.81 7
1137.76 1472.22 12
1160.26 1441.39 23
1112.5 1532.91 7
1127.72 1513.48 8
1179.01 1454.6 0
1146.45 1501.09 12
1137.08 1515.61 17
1173.62 1488.83 24
1161.48 1505.01 2
1113.56 1541.26 19
1207.37 1489.97 16
1107.76 1545.76 14
1158.52 1525.78 13
1199.13 1516.42 11
1106.86 1546.98 7
1167.42 1535.56 0
1207.96 1534.56 7
1184.9 1542.74 13
1139.23 1547.94 18
1318.55 1607.15 0
1322.47 1607.88 7
1317.32 1607.79 24
1368.66 1620.61 12
1415.75 1640.89 22
1364.05 1628.47 6
1408.27 1656.26 9
1326.09 1615.11 9
1383.34 1658.89 22
1338.24 1628.84 12
1331.03 1625.24 7
1366.37 1670.69 12
1347.37 1655.25 17
1327.88 1631.66 8
1328.53 1638.1 13
1344.98 1686.99 10
1338.47 1689.06 22
1332.41 1693.14 3
1313.96 1611.88 11
1319.3 1707.77 12
1311.54 1695.08 16
1310.6 1634.16 24
1309.51 1628.07 14
1294.12 1679.64 17
1309.86 1616.9 7
1268.91 1707.19 12
1294.4 1641.97 9
1284.02 1652.15 2
1276.58 1654.83 5
1307.1 1613.98 14
1257.85 1659.38 7
1230.29 1673.73 17
1256.47 1645.73 20
1227.04 1656.19 14
1231.07 1645.6 17
1216.2 1643.46 4
1295.71 1612.17 5
1299.17 1609.99 23
1250.13 1614.72 23
1287.01 1608.19 6
1211.19 1603.08 8
1236.39 1597.93 16
1285.97 1601.64 0
1233.48 1584.34 16
1218.28 1571.61 18
1225.02 1565.86 11
1219.8 1553.99 19
1298.77 1597.28 20
1252.37 1558.28 3
1288.38 1583.68 10
1258.74 1546.89 10
1260.04 1537.98 3
1309.75 1601.7 1
1296.95 1577.03 12
1300.0 1577.18 18
1291.25 1544.43 6
1299.48 1554.9 14
1294.06 1500.83 13
1309.06 1564.71 12
1312.39 1562.04 9
1318.37 1522.08 15
1313.81 1603.46 6
1318.08 1585.59 19
1325.86 1566.25 2
1324.35 1579.28 17
1327.03 1579.23 20
1338.0 1565.63 13
1343.53 1564.46 18
1314.6 1605.58 3
1356.52 1563.04 0
1369.4 1558.35 17
1317.47 1604.05 1
1360.2 1577.95 11
1347.07 1589.68 2
1357.06 1588.76 23
1352.68 1594.17 16
1365.19 1594.52 22
1397.88 1593.57 13
1362.12 1603.25 19
1391.45 1607.15 4
1518.33 1750.56 23
1541.14 1752.03 13
1601.03 1761.16 12
1556.12 1757.91 13
1606.17 1773.44 19
1623.25 1785.14 4
1547.47 1762.37 15
1607.2 1793.03 8
1609.67 1801.58 16
1548.27 1770.03 16
1565.52 1785.57 15
1587.91 1809.25 8
1521.28 1753.71 1
1575.17 1812.48 1
1591.34 1840.87 12
1584.1 1843.43 1
1578.03 1847.36 8
1576.47 1859.75 10
1558.72 1839.8 14
1545.42 1822.41 21
1533.61 1800.85 0
1528.84 1795.35 14
1536.51 1855.69 10
1525.91 1821.8 22
1519.9 1791.08 13
1516.31 1855.42 12
1508.64 1867.95 5
1500.59 1871.44 6
1514.41 1767.56 17
1507.11 1789.83 15
1508.7 1777.36 14
1471.17 1862.28 13
1510.78 1765.07 17
1513.24 1758.75 16
1468.29 1825.23 10
1498.98 1775.51 22
1459.85 1817.63 10
1458.15 1811.34 11
1456.31 1805.72 3
1429.92 1819.8 18
1502.58 1761.16 22
1468.35 1780.27 18
1434.29 1793.7 2
1460.7 1775.62 2
1430.99 1782.22 17
1396.62 1786.19 14
1512.06 1751.89 23
1440.72 1762.92 21
1399.85 1761.84 4
1422.94 1753.58 6
1412.71 1747.22 14
1506.84 1749.5 2
1449.57 1739.61 23
1470.13 1739.75 16
1433.36 1725.72 20
1512.71 1748.65 24
1502.75 1743.9 8
1495.87 1739.17 19
1444.1 1706.33 21
1493.06 1733.41 4
1445.46 1693.54 8
1459.55 1698.29 9
1446.21 1677.65 18
1514.78 1746.88 12
1511.4 1741.93 17
1459.47 1662.64 9
1481.79 1687.9 5
1469.35 1652.45 9
1509.76 1730.95 7
1496.09 1687.35 24
1499.33 1683.13 11
1512.25 1723.22 14
1506.1 1668.0 9
1509.43 1643.14 18
1516.7 1670.23 15
1521.46 1677.28 8
1519.1 1740.38 9
1533.82 1660.66 9
1542.29 1650.33 16
1542.95 1670.21 18
1542.71 1685.8 22
1563.96 1649.86 17
1558.67 1674.59 7
1519.68 1747.81 19
1539.38 1720.49 21
1580.2 1673.96 8
1519.65 1748.74 14
1520.87 1747.8 6
1536.27 1735.2 22
1548.15 1728.34 13
1580.49 1710.38 23
1563.15 1725.42 3
1633.08 1695.77 4
1565.79 1731.42 17
1624.6 1715.54 24
1535.56 1746.0 1
1609.77 1732.87 8
1618.18 1737.77 10
1572.1 1747.12 22
1618.29 1750.56 7
1382.4 2000.0 2
1373.34 2003.52 0
1388.63 2009.53 23
1358.0 2007.0 12
1330.81 2000.52 13
1341.26 2005.06 18
1382.89 2027.75 11
1365.28 2022.45 2
1351.68 2016.6 3
1369.98 2035.45 13
1329.45 2000.24 14
1375.68 2055.62 20
1389.84 2085.57 14
1384.36 2092.66 4
1375.22 2093.48 11
1355.76 2066.89 6
1340.79 2037.65 20
1351.97 2102.37 19
1341.19 2085.48 2
1334.82 2093.79 20
1328.22 2050.09 3
1328.9 2003.12 14
1317.26 2066.1 3
1322.26 2026.31 13
1327.1 2006.01 4
1318.35 2024.5 23
1306.41 2042.03 18
1316.64 2019.34 3
1285.83 2056.35 20
1310.15 2021.06 12
1317.71 2010.84 22
1285.8 2034.83 3
1325.67 2002.41 14
1267.92 2034.85 7
1290.23 2018.23 14
1230.74 2036.83 0
1320.83 2002.4 2
1299.32 2006.02 18
1270.59 2007.03 21
1298.2 2001.23 24
1307.42 1999.13 20
1258.05 1991.47 21
1236.14 1981.25 7
1263.48 1981.21 7
1245.67 1968.75 15
1235.32 1956.09 5
1255.81 1958.26 2
1267.74 1958.26 4
1312.83 1986.86 6
1328.38 1999.21 23
1309.83 1978.59 16
1273.62 1927.79 14
1299.45 1954.23 14
1293.47 1934.12 14
1295.56 1924.14 0
1315.56 1961.16 7
1307.68 1918.55 3
1324.53 1974.09 1
1321.06 1918.22 6
1328.54 1965.87 5
1331.7 1958.34 14
1341.45 1912.62 0
1336.81 1965.84 10
1330.03 1997.34 15
1362.8 1915.36 10
1366.02 1925.22 8
1383.15 1909.38 1
1354.19 1964.74 3
1333.56 1994.8 4
1361.18 1967.39 15
1378.84 1956.84 15
1340.6 1991.59 11
1407.13 1951.51 3
1399.1 1963.87 9
1414.99 1963.97 0
1406.67 1974.49 15
1414.5 1979.25 13
1337.25 1998.71 8
1409.03 1993.64 10
1379.33 2000.0 0
